Is the tone of the following message in the conversation above negative:  @rukhshan@  Format output like this: "Y" if yes and "N" if no.
 0 1 0 0 0
 1 1 1 0
 0 1 0 1 0 0
 1 1
 0 1
 1 1 0 1 0 1 0
 1 1
 0 0 1 1 1 1 0 1
 0 0 0 1
 1 0
 1 1
 0 0 1 0 0 1 0 0 0 0 0
 0 0 1 0 1
 0 0 0 0 0
 0 1
 0 0 1
 0 0 0 0 1 0 0 0
 0 1 0 1 0 1 0 0
 0 0 0 0 0 1 0 1
 0 0 0 1 0 0 0 0 0 1
 0 1 0 0 0 0 0 S
 1 0 1 0 1 0 0 0
 1 0 0 0
 1 0 0 0 0 1 0 0 0 0
 1 0 0 0 0 0 0 0 1
 1 1 0 1 0 1 1 S S 1 0 0 0 1 0 1
 0 1 0 1
 0 0 1
 0 0 1 0 0 0
 0 0 0 0 0 0 0 0 0 0
 0 1 0 0 1 0 1 1 S S
 0 0 0 0 1 0 0 0 0 0 0 0
 1 0 1 0 1 0 1 0 1 0 0 0
 0 1 S 1 0 0 0 0
 0 0 0 0 0 0 0 0 0 0 1 0 1 0 0 0
 1 0 0 1 0 0
 0 0 0
 1 1 1 1 0 1 0 0 0 1 0 0 0 1 0
 1 1 0 1 1
 0 0 0 0 0 0 0 0 0 0 0 0 0 0 0 0 0 1 0 1 0 0 0 0 0 0 0 0 0