State if the sentiment of the following message in the conversation above is negative:  @rukhshan@  Format output like this: "Y" for yes and "N" for no.
 0 1 0 0 1
 1 1 1 0
 0 1 1 1 0 0
 1 1
 0 1
 1 1 1 1 0 0 0
 1 1
 0 0 1 1 1 1 1 1
 0 1 1 1
 1 0
 1 1
 0 0 1 0 0 1 0 0 0 0 0
 0 0 1 0 1
 0 0 0 0 0
 0 1
 0 0 1
 0 1 0 0 1 0 0 0
 0 1 0 0 0 1 0 0
 0 0 1 0 0 1 0 1
 0 1 0 1 0 0 0 0 0 1
 0 1 0 0 0 0 0 S
 1 0 1 0 1 0 0 1
 1 1 0 0
 1 0 1 0 0 1 0 1 0 0
 1 0 1 0 0 0 1 0 1
 1 1 1 1 0 1 1 S 0 0 0 0 0 1 0 1
 0 1 1 1
 0 0 1
 0 1 1 0 1 0
 0 0 0 0 0 1 0 0 0 0
 1 1 0 0 1 1 1 0 S 0
 0 0 0 0 1 0 0 0 0 0 0 0
 1 1 0 0 1 0 1 0 1 0 0 0
 0 1 0 1 0 0 0 0
 0 0 0 1 1 0 0 0 0 0 1 0 1 0 1 0
 1 1 1 1 0 1
 0 0 0
 1 1 1 1 0 1 0 1 0 1 0 1 0 1 0
 1 1 0 1 1
 0 0 0 0 0 0 0 0 0 0 0 0 0 0 0 0 0 0 0 1 0 0 0 0 0 0 0 0 0