State if the sentiment of the following message in the conversation above is angry:  @rukhshan@  Format output like this: "Y" for yes and "N" for no.
 0 0 0 0 0
 0 1 0 0
 0 0 0 1 0 0
 0 1
 0 1
 0 1 0 0 0 0 0
 1 0
 0 0 0 1 0 1 0 1
 0 0 0 0
 0 0
 0 0
 0 0 1 0 0 0 0 0 0 0 0
 0 0 1 0 1
 0 0 0 0 0
 0 0
 0 0 1
 0 0 0 0 0 0 1 0
 0 1 0 0 0 0 0 0
 0 0 0 0 0 1 0 1
 0 0 0 0 0 0 0 0 0 0
 0 0 0 0 0 0 0 S
 0 0 0 0 0 0 0 0
 0 0 0 0
 0 0 0 0 0 0 0 0 0 0
 0 0 0 0 0 0 0 0 0
 0 1 1 0 0 1 1 S 0 1 0 0 0 1 0 1
 0 1 0 1
 0 0 0
 0 0 1 0 0 0
 0 0 0 0 0 0 0 0 0 0
 0 1 0 0 1 0 1 0 S 0
 0 0 0 0 1 0 0 0 0 0 0 0
 0 0 0 0 1 0 0 0 0 0 0 0
 0 0 0 1 0 0 0 0
 0 0 0 0 0 0 0 0 0 0 0 0 0 0 0 0
 0 0 0 0 0 0
 0 0 0
 0 0 0 1 0 0 0 1 0 0 0 0 0 1 0
 0 1 0 0 0
 0 0 0 0 0 0 0 0 0 0 0 0 0 0 0 0 0 0 0 0 0 0 0 0 0 0 0 0 0